25 50
00000000000000000000000000000000000000000000000000
0                           0                    0
0   s                       0                    0
0                                                0
0                  s                             0
0                                                0
0                                                0
0            0                                   0
0            0                                   0
0            0                                   0
0            0                                   0
0            0              0                    0
0            0              0                    0
00000000000000              0                    0
0                           0                    0
0                           0                    0
0                           0                    0
0                           0                    0
0                                                0
0                                                0
0                                                0
0                                                0
0                                                0
0                                                0
00000000000000000000000000000000000000000000000000